    0  2390
    1  2391
    2  1921
    3  2392
    4  2310
    5  2393
    6  2394
    7  2395
    8  2396
    9  2397
   10  2398
   11  2399
   11  2400
   11  2400
   11  2401
   11  2400
   11  2402
   12  2400
   13    13
   13  2403
   14  2404
   14  2405
   14  2406
   14  2407
   14  2392
   14  2408
   14  2409
   14  2410
   15  2411
   15  2412
   15  2413
   15  2414
   16  2415
   17  2416
   18  2417
   19  2418
   20  2419
   21  2420
   21  2421
   22  2422
   23  2423
   23  2423
   23  1190
   24  2424
   25  2425
   26  2426
   27  2427
   28  2428
   29  2429
   29  2430
   30  2431
   31  2432
   32  2433
   32  2434
   32  2435
   33  2436
   34  2437
   35  2438
   36  2439
   36  2440
   37  2441
   38  2442
   39  2443
   39  2444
   39  2445
   39  2444
   40  2446
   41  2447
   42  2448
   42  2449
   42  2450
   42  2451
   43  2452
   43  2453
   43  2454
   43  2455
   43  2456
   43  2457
   44  2458
   44  2459
   45  2460
   46  2461
   47   115
   48  2462
   49  2463
   50  2464
   51  2465
   52  2466
   52  2467
   52    52
   52  2468
   53  2422
   53  2469
   53  2470
   53  2471
   53  2472
   54  2473
   55  2474
   56  2475
   57  2476
   58  2477
   59  2478
   59  2479
   59  2480
   59  2481
   59  2482
   60  2483
   61  2484
   61  1508
   61  2485
   61  2486
   62  2487
   62  2488
   62  2489
   62  2490
   63  2491
   63  2492
   63  2478
   63  2493
   63  2494
   63  2495
   63  2496
   63  2497
   64  2498
   65  2499
   66  2500
   67  2501
   68  2502
   69  2503
   70  2504
   71  2505
   71  2506
   72  2507
   73  2508
   74  2509
   75  2510
   75  2511
   75  2512
   75  2513
   76  2514
   77  2515
   78  2516
   78  2517
   78  2518
   79  2519
   80  2520
   81  2521
   82  2522
   82  2523
   82  2524
   82  2525
   82   339
   83  2526
   83  2527
   84  2528
   84  2528
   85  2529
   86  2530
   86  2531
   86  2532
   86  2533
   87  2534
   87  2535
   88  2536
   89  2537
   89  2538
   90  2539
   90  2400
   90  2540
   90  2541
   91  2542
   92  2543
   93  2544
   94  2545
   95  2546
   96  2547
   96  2548
   96  2549
   96  2550
   96  2551
   97  2552
   97  2553
   97  2499
   98  2554
   99  2555
  100  2556
  101  2526
  101  2557
  102  2558
  103  2559
  104  2560
  104   196
  104  2561
  104  2562
  104  2563
  105  2564
  106  2565
  107  2566
  108  2567
  109  2568
  109  2568
  110  2569
  110  2570
  110  2571
  110  2572
  110  2573
  110  2574
  111  2575
  112  2576
  112  2577
  112  2578
  112  2579
  112  2580
  112  2581
  113  2582
  113  2583
  113  2584
  113  2585
  113  2586
  113  2587
  113  2435
  113  2588
  114  2589
  114  2590
  115  2591
  115  2592
  115   115
  115  2591
  116  2593
  117  2594
  118  2510
  119  2595
  120  2596
  121  2597
  121  2598
  121  2599
  121  2600
  121  2601
  122  2457
  122  2602
  123  2603
  124  2604
  125  1637
  126  2605
  127  2606
  128  2607
  128  2608
  128  2440
  129  2609
  130  2610
  131  2611
  131  2612
  131  2613
  131  2614
  132  2129
  133  2615
  134  2531
  134  2616
  134  2617
  134  2618
  134  2619
  134  2620
  134  2621
  134  2536
  135  2622
  135  2499
  135  2623
  136  2624
  137  2625
  138  2626
  139  2627
  140  2628
  141  2629
  142  2630
  143  2631
  144  2604
  145  2632
  145  2633
  146  2634
  147  2635
  148  2636
  149  2637
  150  2638
  151  2639
  152  2640
  153  2641
  153  2642
  153  2643
  153  2450
  153  2644
  153  2645
  154  2646
  155  2647
  155  2648
  156  2649
  157  2650
  158  2651
  159  2652
  160  2653
  160  2654
  160  2655
  161  2656
  161  2656
  161  2581
  162  2657
  162  2658
  162  2659
  163  2660
  164  2661
  165  2662
  165  2663
  165  2544
  165  2664
  165  2665
  165  2666
  165  2667
  165  2663
  165  2429
  165  2668
  165  2669
  165  2670
  165  2671
  166  2444
  167  2672
  167  2673
  167  2674
  167  2675
  167  2676
  167  2677
  167  2678
  168  2679
  169  2680
  169  2681
  170  2682
  170  2683
  170  2684
  170  2685
  170  2684
  171  2686
  172  2518
  173  2687
  173  2688
  174  2689
  174  2690
  175  2691
  176  2692
  177  2400
  177  2677
  177  2693
  177  2694
  177  2695
  178  2696
  178  2697
  179  2698
  180  2699
  181  2700
  182  2701
  183  2702
  184  2703
  185  2668
  185  2704
  186  2705
  187  2706
  188  2707
  189  2708
  189  1046
  190  2709
  191  2710
  191  2711
  191  2712
  191  2713
  192  1471
  192  2714
  192  2715
  193  2716
  194  2717
  195  2718
  195  2719
  195  2720
  195  2718
  195  2721
  195  2722
  196  2723
  197   197
  198  2724
  199  2725
  199  2726
  200  2727
  201  2647
  201  2728
  202  2729
  202  2730
  202  2731
  202  2732
  203  2733
  203  2734
  204  2735
  205  2674
  205  2736
  206  2737
  206  2738
  206  2739
  206  2740
  207  2741
  208  2742
  209  2743
  209  2744
  210  2745
  211  2746
  212  2747
  213   565
  213  2748
  213  2749
  214  2750
  214  2751
  214  2752
  214  2753
  215  2754
  216  2755
  216  2756
  217  2757
  218  2758
  219  2759
  219  2760
  220  2761
  220  2762
  221  2763
  221  2764
  222  2765
  223  2766
  223  2767
  223  2768
  223  2732
  223  2769
  223  2770
  223  2771
  223  2403
  223  2403
  223  2772
  224  2448
  225  2773
  226  2774
  227  2775
  228  2776
  228  2777
  228  2778
  228  2779
  228  2780
  229  2781
  229  2535
  229  2782
  229  2783
  229  2784
  230  2785
  231  2786
  231  2787
  231  2604
  232  2788
  233  2789
  233  2790
  233  2791
  234  2792
  234  2793
  234  2794
  234  2795
  235  2796
  236  2797
  237  2798
  238  2515
  239  2799
  240  2800
  241  2801
  241  2802
  241  2803
  242  2804
  243  2805
  244  2806
  245  2807
  245  2808
  246  2809
  247  2810
  247  2811
  247  2812
  247  2813
  247  2814
  247  2815
  247  2816
  247  2816
  247  2810
  247  2817
  248  2619
  249  2818
  250  2819
  251  2820
  252  2821
  252  2761
  252  2822
  252  2823
  252  2607
  252  2824
  252  2825
  252  2822
  252  2826
  252  2644
  252  2827
  252  2828
  253   253
  254  2829
  254  2830
  255  2810
  255  2831
  255  2832
  255  2833
  255  2834
  256  2835
  257  2836
  258  2837
  258  2838
  259  2839
  259  2831
  259  2840
  259  2625
  259  2841
  259  2842
  260  2843
  261  2844
  261  2845
  261  2846
  261  2847
  261  2848
  261  2849
  262  2850
  262  2851
  262  2852
  263  2853
  264  2854
  265  2855
  266  2856
  266  2857
  266  2858
  266  2859
  267  2860
  268  2861
  269  2862
  270  2863
  271  2864
  272  2865
  272  2866
  272  2866
  273  2867
  274  2868
  275  2869
  276  2870
  277  2871
  277  2872
  277  2873
  277  2874
  277  2647
  277  2875
  277  2876
  277  2877
  278  2878
  278  2879
  278  2880
  278  2881
  279  2882
  280  2883
  281  2884
  281  2885
  282  2886
  283  2887
  283  2888
  284  2889
  284  2836
  284  2608
  284  2746
  284  2544
  284  2639
  284  2836
  285  2890
  285  2891
  286  2399
  286  2892
  286  2422
  287  2458
  288  2893
  289  2894
  290  2895
  290  2896
  290  2897
  290  2898
  291  2899
  292  2900
  293  2901
  293  2902
  294  2903
  295  2904
  295  2905
  296  2906
  297  2907
  298  2908
  299  2909
  300  2910
  301  2911
  301  2912
  301  2913
  301  2914
  301  2915
  301  2912
  301  2916
  302  2917
  303  2918
  304  2919
  305  2920
  306  2921
  307  2922
  308  2923
  309  2924
  309  2925
  309  2926
  310  2927
  311  2928
  312  2929
  313  2930
  314  2465
  314  2931
  314  2932
  315  2933
  315  2767
  315  2934
  316  2935
  316  2936
  316  2937
  317  1545
  318  2692
  319   319
  320  2698
  321  2938
  321  2939
  322  2940
  323  2777
  324  2941
  325  2942
  326  2943
  327  2944
  328  2635
  329  2945
  330  2946
  331  2947
  332  2674
  332  2948
  332  2949
  332  2722
  332  2950
  332  2951
  332  2952
  332  2953
  332  2954
  332  2955
  332  2956
  333  2957
  334  2958
  335  2959
  336  2960
  336  2961
  337  2962
  337  2963
  338  2964
  339  2965
  339  2966
  340  2967
  341  2968
  341  2969
  342  2970
  343  2971
  344  2972
  345  2631
  345  2973
  345  2669
  346  2974
  347  2975
  347  2976
  348  2977
  348  2553
  348  2978
  349  2831
  349  2979
  349  2718
  349  2980
  349  2981
  350  2982
  350  2947
  351   468
  352  2983
  353  2458
  353  2517
  354  2984
  355  2985
  356  2986
  357  2576
  358  2987
  359  2988
  360  2833
  361  2989
  361  2990
  362  2991
  363  2552
  363  2992
  363  2992
  363   363
  364  2993
  365  2994
  366  2995
  367  2996
  368  2997
  368  1921
  368  1921
  368  2535
  369  2998
  370  2402
  370  2589
  370  2453
  370  2999
  370  2585
  370  3000
  370  3001
  370  3002
  371  3003
  372  3004
  372  3005
  373  3006
  374  3007
  375  2962
  376  3008
  376  3009
  376  3010
  376  3011
  376  3012
  376  3013
  377  3014
  378  2504
  379  3015
  379  3016
  380  3017
  381  3018
  382  3019
  382  2417
  383  3020
  383  3021
  384  3022
  385  3023
  386  3024
  387  3025
  388  3026
  388  2736
  388  3027
  388  3028
  388  2531
  388  3029
  388  2781
  388  2656
  388  3030
  388  3031
  388  3032
  388  2457
  388  3033
  388  2531
  388  2531
  388  3034
  388  3035
  388  3036
  388  3037
  388  3038
  389  3039
  390  3040
  391  3041
  392  3042
  393  3043
  393  2706
  394  2406
  394  2690
  395  3044
  396  2604
  397  3045
  398  3046
  399  3047
  400  3048
  401  3049
  402  2875
  403  1482
  403  2659
  404  3050
  405  3051
  405  3052
  406  3053
  407  3054
  407  3055
  408  3056
  408  3057
  408  3058
  408  3059
  409  3060
  410   927
  410  2839
  411  3061
  411  3062
  412  3063
  412  3064
  413  3065
  414  3066
  415  2803
  415  1921
  415  3067
  415  3068
  415  2673
  415  3069
  416  3070
  417  3071
  417  3072
  418  3073
  419  3074
  419  3075
  419  3076
  419  3077
  419  3075
  420  3078
  421  3079
  421  3080
  422  3081
  423  3082
  423  3083
  424  3084
  425  3085
  426  3048
  427  3086
  428  3087
  429  2722
  430  3088
  430  3088
  431  3089
  432  3090
  433  3091
  434  3092
  435  3093
  436  3094
  437  3095
  437  3095
  438  3096
  439  3097
  440  3098
  441  2689
  442  3099
  443  3100
  444  3101
  445  2591
  446  3102
  446  2715
  447  3103
  448  3104
  449  3105
  449  3105
  449  3106
  450  3107
  451  3108
  451  2020
  452  3109
  453  3110
  454  3111
  455  2478
  456  3112
  457  3113
  458  2184
  459  3114
  460  3115
  460  3116
  460  3117
  460  3118
  460  3119
  460  3117
  460  2873
  460  3120
  460  3121
  461  2731
  461  3122
  462  2840
  462  2666
  462  3123
  463  2576
  463  2552
  464  3124
  464  3125
  465  3126
  466  3127
  467  3128
  468  3129
  469  3130
  470  3131
  471  3132
  472  3133
  473  3134
  473  3135
  473  2443
  473  3136
  473  3029
  473  3137
  474  3138
  475  3139
  475  3140
  475  3141
  475  3142
  475  3140
  476  2406
  476  3143
  477  3144
  478  3145
  479  2685
  480  3146
  480  3147
  481  3148
  482  3149
  483  3150
  484  2581
  485  2807
  486  3151
  487  3152
  487  3153
  487  3154
  487  2614
  487  2402
  487  3155
  487  3152
  488  3156
  488  3157
  488  3157
  488  2435
  489  3158
  490  3159
  491  3160
  492  2457
  492  2641
  492  3161
  492  2710
  492  3162
  492  2743
  492  3163
  493  1492
  494  3164
  494  3165
  495  3166
  495  3167
  495  1921
  495  2548
  496  3029
  497  3168
  498  3169
  499  2429
  499  3170
  499  3171
  499  2734
  499  3172
  499  3173
  499  3174
  499  3076
  499  2444
  499  3175
  500  3176
  500  3000
  500  2928
  500  2766
  501  3177
  502  2690
  503  3178
  503  3179
  503  3180
  503  2639
  503  3181
  503  3182
  503  3183
  503  3184
  504  3185
  504  2807
  505  3186
  506   506
  506   506
  507  3187
  508  2478
  509  3188
  510  3189
  510   319
  510  3190
  510  3191
  510  3192
  511  3193
  512  3194
  513  3195
  513  3196
  513  3197
  513  3198
  514  2986
  514  3199
  515  3200
  516  3201
  516  3202
  516  3203
  516  3204
  516  3205
  517  3206
  518  3207
  518  3208
  519  3209
  519  3210
  520  3202
  521  3211
  522  3212
  523  3077
  524  3213
  524  3214
  524  3215
  524  3216
  524  2402
  524  3143
  524  3216
  524  3217
  525  3218
  526  2560
  527  3219
  528  2747
  528  3220
  528  2849
  528  2747
  528  3221
  528  3222
  529  3223
  530  3224
  530  3225
  530  3226
  531  3227
  532  3228
  532  3229
  532  3229
  533  3164
  534  3230
  534  3231
  535  3232
  536  3233
  537  3234
  537  2718
  537  2797
  538  2618
  539  3235
  539  3236
  539  3237
  539  2651
  540  3238
  540  2539
  540  3238
  540  3239
  541  1046
  542  3240
  543  3241
  544  3242
  545  2694
  545  2694
  545  3243
  545  3243
  546  3244
  546  2689
  546  2742
  546  2392
  546  3245
  547  3246
  547  3247
  547  3248
  548  3249
  548  3250
  548  3251
  549  3252
  550  3253
  550  3254
  550  2811
  550  3255
  551  3256
  552  3257
  553  3258
  554  3259
  555  3260
  555  3261
  556  3262
  557  3263
  558  3264
  558  3173
  558  3265
  559  2411
  559   221
  559  3266
  559  3267
  560  3268
  560  2948
  560  3269
  560  2948
  560  3270
  560  3271
  560  2948
  560  2948
  560  3272
  561  3273
  562  3274
  563  3275
  563  3275
  564  3276
  565  3277
  565  3278
  566  3279
  567  3280
  567  2470
  568  2881
  569  3179
  570  3068
  571  2677
  572  2571
  573  3281
  573  3281
  574  3282
  575  3283
  576  3284
  577  3285
  578  3286
  579  3287
  580  3288
  580   115
  580  2816
  581  3289
  582  2817
  582  3290
  582  2677
  583  3291
  583  3292
  583  1700
  584  3107
  585  3293
  586  3294
  587  3295
  587  2870
  588  2548
  589  3296
  590  3297
  591  3298
  591     7
  591  2620
  591  3299
  591  3300
  591  2895
  591  2740
  591  3301
  592  2818
  593  3302
  594  3303
  595  3036
  595   115
  595  3304
  595  3305
  595  3306
  595  3307
  595  3308
  596  3309
  597  3310
  597  3311
  598  2604
  599  3312
  599  3000
  599  3313
  600  3314
  601  3315
  602  3316
  603  2442
  604  3317
  605  3318
  606  2838
  607  3319
  607  3320
  607  2947
  608  3208
  609  3321
  610  3322
  610  3323
  611  3324
  612  2852
  612  2588
  613  3077
  614  2556
  615  3028
  616  3325
  616  3326
  617  3327
  618  2952
  618  3328
  618  3329
  618  1055
  619  3127
  619  3330
  619  3331
  619  3332
  620  3333
  621  3334
  622  1609
  623  2429
  623  2531
  623  3000
  623  3335
  623  2271
  623  2608
  623  2531
  623  3249
  624  3336
  625  3337
  626  2330
  627  3338
  628  2689
  629  3255
  629  3339
  629  3340
  630  3341
  630  3341
  630  3342
  631  3343
  631  3344
  632  3345
  632  2435
  633  3346
  634  3347
  635  2938
  636  3348
  637  3349
  638  3350
  639  3351
  640  2722
  641  3352
  642  3353
  642  3354
  643  3355
  643  3356
  644  3357
  645  2368
  645  3358
  645  3359
  645  3360
  645  3083
  646  3361
  647  3362
  648  3363
  649  3364
  650  2844
  651  3365
  652  2894
  653   196
  654  3366
  655  3367
  655  3368
  656  3369
  656  3369
  657  3370
  658  3371
  659  3083
  660  3372
  660  3373
  661  3374
  662  3375
  663  3376
  663  3377
  663  3378
  663  3379
  663  2244
  663  2553
  663  2429
  664  3380
  665  3381
  666  3382
  667  2633
  667  3383
  668  3384
  669  3385
  669  3386
  669  3168
  669  3083
  669  3156
  669  3387
  669  2401
  669  3388
  670  3389
  671  3390
  672  3391
  673   673
  674  2644
  674  3392
  675  3393
  676  3394
  677  2489
  677  2559
  677  3395
  678  3396
  679  3397
  680  3398
  681  3399
  682  3400
  683  3335
  684  3401
  685   115
  685  3402
  685   115
  686  3403
  687  2783
  688  3404
  689  2478
  689  2811
  689  2766
  689  3286
  689  3405
  689  3406
  689  3407
  689  3408
  689  3409
  689  2877
  689  2877
  690  3410
  690  3411
  690  3412
  690  3410
  690  3413
  691  3414
  692  3415
  693  3416
  694  3417
  694  3418
  694  3419
  694  3420
  694  3421
  695  2693
  695  2401
  695  2748
  695  3422
  695  3423
  695  2948
  695  2948
  695  2693
  696  3237
  696  3424
  696  3424
  696  3425
  697  3426
  698  3253
  699  3427
  699  3428
  699  2469
  699  3429
  700  3430
  700  2726
  700  3335
  701  3431
  702  3432
  702  3433
  702  2874
  702  2774
  702  3434
  702  2877
  702  2874
  702  3435
  703  2550
  704  3436
  705   705
  706  3437
  706  3341
  706  3438
  707  3439
  708  3440
  708  3441
  709  3442
  710  2673
  711  3082
  712  3443
  713  2580
  714  3444
  715  3445
  715  3446
  716  3447
  716  3448
  716  3449
  716  3450
  716  3451
  717  3452
  717  3453
  718  3454
  719  2483
  720  3455
  721  3203
  722  2639
  723  3456
  724  2982
  724  3457
  724  2674
  724  3458
  725  3459
  726  3460
  727  3461
  727  2712
  727  3462
  727  3208
  727  3461
  727  2832
  727  2912
  727  3463
  728  3464
  729  3465
  730  3466
  731  2271
  731  2633
  731  2936
  731  2731
  731  3467
  731  3468
  732  3469
  733  3470
  734  3216
  735  3471
  736  3472
  737  2913
  737  3412
  737  3473
  738  3474
  739  3475
  740  3476
  741  3477
  741   957
  742  3478
  742  2430
  742  2406
  742  3479
  742  3480
  743  3481
  743  3482
  744  3106
  744  3483
  744  3484
  744  3173
  745  3485
  745  3485
  745  3486
  745  3487
  745  3488
  746  3489
  747  2403
  748  3490
  749  2948
  749  2948
  750  3491
  751  3492
  751  3493
  752  3494
  753  3495
  753  3496
  753  3497
  753  3496
  753  3496
  753  3425
  753  3497
  753  3425
  753  3495
  754   100
  754  3385
  755  3410
  755  1414
  755  2608
  755  3498
  755  3499
  756  3500
  757  2556
  757  3501
  758  3316
  758  3502
  759  3503
  760  3504
  760  3504
  760  3001
  760  1973
  760  3505
  761  3506
  761  2429
  761  3507
  761  3002
  761  3156
  761  3508
  761  3508
  761  3509
  762  2736
  763  3510
  763  3511
  763  3512
  764  3513
  765  3514
  765  3515
  766  3516
  766  3517
  766  3518
  767  3519
  768  3085
  768  3156
  768  3164
  768  2731
  769  3520
  770  3521
  771  3522
  772  3523
  773  3524
  774  3525
  775  2943
  775  2585
  776  3526
  776  3268
  777  3527
  778  2544
  778  3528
  779  3529
  780  3530
  780  1637
  780  2892
  781  3531
  782  3532
  783  3533
  784  3534
  784  3535
  785  3536
  785  3537
  785  2695
  786  3538
  787  3539
  788  2820
  789  3540
  790  3541
  790  3542
  790  2904
  790  2429
  790  3542
  790  3542
  790  2580
  791  3543
  792  3378
  793  2698
  794  3544
  795  3545
  795  3546
  796  2941
  797  3547
  797  3548
  797  3549
  798  2675
  799  3550
  799  3551
  800  2862
  800  3552
  800  2794
  801  3377
  802  2965
  803  3253
  804     7
  805  3553
  805  2596
  806  3554
  806  2620
  807  3555
  808  3556
  808  3557
  808  3558
  808  2621
  808  2483
  809  3559
  809  2655
  809  2831
  810  3560
  810  2608
  810  3561
  810  3425
  810  2597
  810  2852
  810  3562
  811  3563
  811  3564
  811  3565
  811  3566
  811  3567
  811  3568
  812  3569
  813  2444
  813  2455
  813  3570
  813  3571
  813  2429
  813  2684
  813  2429
  813  2455
  814  3572
  815  2424
  816  3573
  817  3574
  818  3575
  819  3576
  820  2589
  821  3577
  822  3578
  822  3579
  823  3580
  824  3581
  824  3453
  825  3582
  826  2462
  827  3583
  828  3584
  829  3585
  829  3586
  829  3587
  829  3588
  829  3587
  830  3589
  831  3590
  831  2875
  831  2501
  831  3443
  831  3350
  831  3591
  831  2722
  831  3399
  832  3592
  833  3593
  833  3239
  834  3594
  835  3595
  836  3083
  836  3596
  836  3597
  836  2659
  837  3598
  838  2504
  839  3599
  840  3600
  841  3601
  842  3602
  843  3603
  844  3604
  844  3605
  844  3606
  845  3607
  846  3608
  847  2967
  847  3609
  848  3610
  849  2656
  849  2656
  850  3611
  850  3611
  851  3179
  852  3612
  853  3613
  854   854
  855  3614
  856  1151
  856  3615
  856  3616
  857  3617
  858  3618
  859  3619
  859    38
  860  3620
  861  3621
  862  3622
  863  2129
  864  3623
  864  3624
  865  3625
  866  3626
  866  3627
  866  2649
  866  3628
  867  2614
  868  3629
  868  2900
  869  3378
  869  2596
  869  3630
  869  3631
  870  3632
  871  3633
  872  3634
  873  3635
  874  3636
  875  3637
  876  3638
  877  3639
  877  3640
  878  3641
  878  3642
  879  2526
  879  3643
  879  3644
  879  3308
  880  3645
  881  3646
  882  3647
  883  3648
  884  3649
  885  3650
  885  3399
  885  3651
  885   831
  885  3652
  885  3653
  885  2760
  885  3654
  886  3655
  887  3656
  887  3657
  888  3658
  888  3659
  889  2991
  889  2481
  890  2830
  890  3660
  891  3661
  891  1359
  891  2469
  891  3662
  892  3663
  893  3664
  894  3665
  895  3666
  896  3141
  897  3667
  898  3668
  898  3669
  899  3670
  900  3671
  901  3672
  902  3673
  902   902
  903  3674
  904   904
  905  3297
  906  3675
  906  1635
  906  3383
  906  3676
  907  3677
  908  3678
  908  3679
  909  3680
  910  3681
  911  3682
  912  3683
  913  3684
  913  3685
  913  3686
  914  3687
  915  3688
  915  2662
  915  3689
  916  3690
  917  3691
  917  3692
  917  2849
  917  2231
  917  3693
  917  3694
  917  2435
  918  3695
  918  2726
  918  3696
  919  3697
  920  3698
  920  2749
  920  3699
  921  3700
  922  3701
  923  3286
  923  3702
  923  3703
  924  3704
  925  3705
  926  3706
  926  3707
  926  3136
  926  3708
  927  3709
  927  2801
  927  2825
  928  2396
  929  3710
  929  3711
  929  3712
  929  3713
  929  3366
  929  3714
  929  3715
  930  3716
  931  3232
  931  3717
  931  3718
  932  3719
  933  3008
  933  3228
  933  2171
  933  3153
  933  3720
  933  2475
  933  3721
  933  3722
  934  3723
  934  3724
  935  3725
  936  3010
  936  3726
  936  3727
  936  2455
  937  3728
  938  1073
  939  3729
  940  3730
  941  2777
  942  3475
  943  3731
  943  3352
  944  2941
  944  2620
  944  3275
  944  2941
  944  2746
  944  3350
  944  3732
  945  2591
  945  3733
  946  3734
  946  3735
  946  3736
  946  3737
  947  3738
  947  2475
  948  3739
  948  3371
  949  3740
  950  3741
  951  3742
  952  3743
  952  2620
  952  3160
  952   115
  952  3160
  953  3744
  953  3745
  953  3184
  954  3746
  955  3747
  956  3484
  956  2913
  956  2882
  957  3748
  958  3749
  959  3750
  960  3751
  961  2768
  961  3752
  961  2392
  961  2882
  962  3753
  963  3754
  964  3755
  965  2435
  965  3756
  965  3757
  965  3090
  965  3155
  965  3090
  966  3136
  966  3136
  967   967
  968  3758
  969  3759
  969  3760
  969  3761
  969  3761
  970  3142
  970  3142
  970  1637
  970  3463
  970  3762
  970  3763
  970  3764
  970  3763
  971  3765
  972  3766
  972  3767
  972  3768
  972  3769
  973  3770
  973  3771
  973  1257
  973  3772
  974  2571
  975  3773
  976  3774
  976  2659
  976  3775
  976  3776
  976  2659
  976  3777
  976  3778
  976  3779
  977  3453
  977  3780
  977  3628
  978  3781
  979  3782
  980  3783
  980  2546
  980  3784
  980  3785
  981  3786
  982  3787
  982  3788
  983  2518
  983  3090
  983  3789
  984  3790
  984  3791
  984  3595
  985  3020
  985  2405
  986  3646
  986  3792
  986   912
  986   468
  986  3793
  987  3794
  987  3795
  988  3796
  988  1637
  989  3797
  989  3798
  990  3095
  991  3799
  992  3210
  993   993
  994  3067
  995  3800
  996  2803
  997  2534
  997  3801
  997  3802
  997  3183
  998  3672
  999  3803
  999  3803
  999  3804
  999  3803
 1000  2706
 1000  3179
 1000  3388
 1001  3805
 1002  3371
 1003  3806
 1004  2747
 1005  3807
 1006  3808
 1007  2487
 1008  3809
 1009  3810
 1010  2877
 1011  3811
 1011  2963
 1012  2555
 1013  3812
 1014  3813
 1015  3814
 1016  3815
 1017  3816
 1017  3817
 1018  3818
 1019  3216
 1020  3819
 1020  3623
 1020  2271
 1021  2400
 1021  3820
 1021  2552
 1022  2399
 1022  3821
 1023  2723
 1024  3822
 1025  3823
 1025  3371
 1026  2618
 1027  3824
 1028  1482
 1029  2714
 1029  2885
 1030  3450
 1031  3825
 1032  3826
 1033  3827
 1034  3828
 1035  3829
 1035  3164
 1036  3051
 1037  3830
 1038  3831
 1039  3832
 1040  3833
 1041  3173
 1041  3173
 1041  3834
 1041   196
 1042  3168
 1043  3835
 1043  3298
 1044  3836
 1045  2534
 1046  3837
 1047  2596
 1048  2591
 1048  2795
 1048  3838
 1049  3283
 1050  3839
 1051  3840
 1052  3487
 1052  2760
 1052  3463
 1053  3841
 1054  3842
 1055  3843
 1056  3844
 1057  3845
 1057  3846
 1057  3847
 1057  3848
 1057  3847
 1057  3849
 1057  3588
 1058  3850
 1058  2710
 1058  3851
 1058  3852
 1059  3853
 1060  3854
 1061  3855
 1061  3856
 1061  3857
 1062  3561
 1063  2801
 1063  3858
 1064  1354
 1064  3155
 1065  2553
 1065  3679
 1065  3859
 1065  3679
 1065  3431
 1065  3860
 1065  3861
 1065  3679
 1066  3862
 1067  2210
 1067  2936
 1067  3378
 1067  3863
 1068  3864
 1068  3864
 1069  3865
 1070  1070
 1070  3866
 1071  2722
 1071  3867
 1071  3410
 1071  3868
 1071  3869
 1071  3870
 1071  3871
 1071  3872
 1071  2781
 1071  3873
 1071  3874
 1071  3188
 1071  3875
 1072  3876
 1072  3877
 1073  3878
 1074  3879
 1075  3880
 1076  3030
 1076  3881
 1077  3041
 1078  3882
 1079  3883
 1080  3884
 1080  3885
 1080  3619
 1081  3886
 1081  3887
 1081  3888
 1082  3889
 1083  3890
 1083  3891
 1084  3892
 1084  3893
 1084  3425
 1084  3892
 1084  2671
 1084  3425
 1084  3894
 1084  2458
 1084  3131
 1084  2475
 1084  2586
 1084  3429
 1084  3892
 1085  3895
 1086  3896
 1087  3897
 1088  3235
 1088  3898
 1089  3899
 1090  3585
 1090  3900
 1090  3901
 1090  3902
 1091  3903
 1092  3636
 1093  3780
 1093  3904
 1093  3905
 1093  3262
 1094  3906
 1094  3333
 1094  3907
 1094  3908
 1095  3909
 1096  3910
 1097  3911
 1097  3912
 1097  3913
 1097  3743
 1097  3914
 1098  3915
 1098  3916
 1098  3916
 1099  3917
 1100  3918
 1100  3919
 1100  3920
 1100  3921
 1100  3922
 1101  3034
 1102  3923
 1103  3924
 1104  3925
 1105  1151
 1105  3926
 1105  2762
 1106  2548
 1106  3156
 1107  3156
 1107  3927
 1107  3910
 1108  3928
 1109  3929
 1109  3930
 1110  3931
 1111  3932
 1112  3933
 1112  3714
 1112  3934
 1112  3887
 1112  3935
 1113  2782
 1113  2782
 1113  2483
 1113  3936
 1113  3858
 1114  3937
 1114  3780
 1114  3720
 1114  3720
 1114  3541
 1115  3308
 1115  3938
 1116  2946
 1117  3939
 1117  3940
 1117  3941
 1117  3942
 1117  3943
 1118  3944
 1119  3669
 1120  3945
 1120  2624
 1120  3946
 1120  2783
 1120   196
 1120  3947
 1120  2481
 1120  3948
 1120  3335
 1120  2838
 1121  2888
 1122  3949
 1122  2546
 1122  2546
 1122  3950
 1123  3951
 1123  3952
 1123  2862
 1123  3953
 1124  3620
 1125  3954
 1126  2882
 1126  3238
 1126  3955
 1127  3030
 1128  2669
 1128  3956
 1129  2882
 1130  3922
 1130  3957
 1131  3958
 1132  3959
 1132  3960
 1132  3365
 1132  3961
 1133  3962
 1133  3963
 1133  3964
 1134  3965
 1134  2963
 1134  3203
 1135  3540
 1136  3139
 1136  2618
 1136  2862
 1136  3966
 1136  3967
 1136  3053
 1136  3968
 1137  3969
 1138  3970
 1139  3780
 1139  3914
 1139  3971
 1139  3972
 1140  3892
 1141  3511
 1141  2129
 1142  3973
 1142  3974
 1142  3975
 1143  3976
 1143  3030
 1144  2698
 1144  3977
 1144  3978
 1144  3951
 1144  3979
 1145  3980
 1145  2579
 1145  3981
 1145  3764
 1145  3982
 1145  3983
 1146  3984
 1147  3985
 1148  3986
 1148  3987
 1148  2795
 1148  3988
 1149  3286
 1149  3989
 1149  2506
 1150  3990
 1150  3990
 1151  3991
 1151  3412
 1151  2870
 1151  3378
 1151  2612
 1151  3991
 1151  2639
 1152  2562
 1152  3992
 1152  3993
 1153  3994
 1154  3995
 1154  3192
 1155  2418
 1156  3996
 1156  3997
 1156  3998
 1157  3780
 1157  3780
 1157  3999
 1158  4000
 1158  2789
 1158  2531
 1158  4001
 1158  4002
 1159  4003
 1160  3306
 1161  4004
 1162  2531
 1162  3217
 1162  2999
 1162  2573
 1162  3068
 1162  4005
 1162  4006
 1163  4007
 1164  4008
 1165  4009
 1165  4010
 1166  1166
 1167  4011
 1168  2577
 1168  3330
 1168  3550
 1168  2244
 1168  3138
 1169  4012
 1170  4013
 1170  1170
 1170  4014
 1170  4015
 1171  3653
 1171  4016
 1171  4017
 1172  4018
 1173  3277
 1174  4019
 1175     7
 1176  3075
 1176  2788
 1176  3155
 1176  4020
 1177  3544
 1177  4021
 1177  4022
 1177  3544
 1177  4023
 1177  3369
 1178  3963
 1178  2767
 1178  3818
 1178  3615
 1179  3831
 1180  2956
 1180  3695
 1180  2483
 1180  3695
 1181  4024
 1182  4025
 1183  4026
 1184  4027
 1185  4028
 1185  2874
 1186  2487
 1187  4029
 1188  3461
 1189  4030
 1190  4031
 1191  4032
 1192  4033
 1193  2612
 1194  4034
 1195  3780
 1195  3165
 1196  4035
 1196  2548
 1196  3661
 1196  2548
 1197  3884
 1198  4036
 1199  4037
 1200  1437
 1201  4038
 1201  4039
 1202  3837
 1203  2539
 1203  4040
 1204  4041
 1205  4042
 1205  4043
 1205  4043
 1206  4044
 1207  4045
 1208  2512
 1209  4046
 1210  4047
 1211  4048
 1212  4049
 1212  4050
 1212  4049
 1212  4049
 1213  4051
 1214  4052
 1214  4053
 1214  4052
 1215  2682
 1216  4054
 1216  4055
 1217  4056
 1217  1822
 1217  3549
 1217  3383
 1217  2631
 1218  4057
 1219  3861
 1219  4058
 1220  3809
 1220  3037
 1221  3792
 1221  1481
 1222  4059
 1222  4060
 1223  4061
 1224  4062
 1224  3010
 1224  4063
 1224  4063
 1225   573
 1226  4064
 1227  4065
 1228  3970
 1229  2612
 1229  4066
 1230  4067
 1231  4068
 1232  4069
 1232  4070
 1232  4071
 1232  3709
 1232  4072
 1233  4073
 1234  4074
 1235  4075
 1236  4076
 1237  3216
 1238  4077
 1239  4078
 1240  4079
 1241  4080
 1242  4081
 1243  3983
 1243  4082
 1243  4083
 1244  4084
 1244  4085
 1245  4086
 1245  2872
 1246  4087
 1247  3581
 1248  4088
 1249  3492
 1249  3404
 1250  4089
 1250  4090
 1250  4091
 1251  2590
 1252  4092
 1253  3352
 1254  3929
 1255  3871
 1256  2682
 1256  4093
 1256  4093
 1257  4094
 1258  4086
 1259  3154
 1259  4095
 1260  4096
 1261  4097
 1262  3322
 1262  3430
 1262  4098
 1262  4099
 1263  2668
 1264  4100
 1265  3775
 1266  4101
 1267  4102
 1267  3181
 1267  4102
 1268  4103
 1269  2513
 1270  4104
 1270  2210
 1270  4105
 1270  3250
 1271  4106
 1272  4107
 1273  4108
 1273  4109
 1274  4110
 1275  4111
 1275  3303
 1275  4112
 1275  4111
 1275   565
 1275  4111
 1275  4113
 1275  4113
 1275  2440
 1276  2858
 1277  2952
 1277  2880
 1278  2680
 1278  4114
 1278  4115
 1278  2680
 1278  4116
 1279  2999
 1280  4117
 1281  4118
 1281  3453
 1282  4119
 1282  3445
 1283  2863
 1284  4120
 1285  4121
 1285  4122
 1285  4123
 1286  3282
 1287  3140
 1287  3737
 1288  4124
 1289  4125
 1290  4126
 1291  4127
 1291  2966
 1292  3531
 1292  4128
 1292  4129
 1293  3829
 1293  4130
 1294  4131
 1294  3914
 1294  3251
 1294  4132
 1294  2531
 1295  4133
 1295  4134
 1295  2670
 1296  4135
 1296  2913
 1296  2761
 1296  2991
 1296  4136
 1296  4136
 1296  4137
 1296  4137
 1296  2677
 1296  4138
 1296  2839
 1296  4139
 1297  3408
 1297  3406
 1298  4140
 1298  3584
 1299  4141
 1300  4142
 1301  4143
 1302  4144
 1303  4145
 1304  4146
 1305  4147
 1306  2779
 1306  3377
 1306  2406
 1306  2406
 1307  4148
 1308  4149
 1308  4150
 1308  4151
 1309  4152
 1310  3536
 1310  2747
 1311  4153
 1311  3464
 1311  3914
 1311  2982
 1311  3876
 1312  4154
 1313  4155
 1314  4156
 1315  4157
 1316  4158
 1317  3339
 1318  4159
 1319  4160
 1320  4161
 1321  4162
 1322  4163
 1322  4164
 1323  4165
 1324  3723
 1324  3756
 1325  2687
 1326  4166
 1327  4167
 1327  4168
 1327  2443
 1327  4169
 1327  4170
 1327  4171
 1328  4172
 1329  2581
 1330  2628
 1331  4173
 1332  4174
 1333  4175
 1334  3858
 1334  4176
 1334  4177
 1334  4178
 1334  4179
 1335  4180
 1335  4181
 1336  2852
 1336  2594
 1336  2544
 1337  4182
 1338  4183
 1338  4184
 1338  4185
 1338  4186
 1338  3550
 1338  4187
 1338  2733
 1338  4188
 1338  4189
 1339  4190
 1340  4191
 1341  4192
 1342  4193
 1343  4194
 1343  3441
 1344  2586
 1345  4195
 1345  2625
 1346  2603
 1347  4013
 1347  4196
 1347  2690
 1347  3586
 1347  2992
 1348  2813
 1348  2648
 1348  2813
 1349  3852
 1349  4197
 1349  2915
 1349  2682
 1349  4198
 1350  4199
 1350  4200
 1351  2782
 1352  4201
 1353  4202
 1353  4203
 1353  3951
 1354  4204
 1355  4205
 1356  4206
 1357  4207
 1358  4027
 1359  2842
 1359  2842
 1359  2887
 1360  1360
 1361  4208
 1361  4209
 1361  4210
 1361  4211
 1361  4087
 1362  3908
 1363  4212
 1363  4213
 1364  2399
 1365  4214
 1366  4215
 1366  3921
 1366  4216
 1367  3561
 1368  1046
 1369  2560
 1370  2579
 1371  3917
 1372  4217
 1373  4218
 1374  4219
 1375  4220
 1376  4221
 1377  4222
 1378  4223
 1379  4224
 1380  1380
 1381  4225
 1382  4226
 1382  3465
 1383  4227
 1384  2536
 1385  4228
 1386  3180
 1387  2444
 1387  4229
 1387  3734
 1387  2444
 1387  3463
 1387  4230
 1387  2444
 1388  3034
 1389  4231
 1390  4232
 1390  2630
 1390  2531
 1390  4233
 1390  3335
 1391  4234
 1392  4235
 1393  4236
 1394  4237
 1395  4238
 1396  4239
 1397  3352
 1397  4240
 1398  4241
 1398  4242
 1399  4243
 1400  4244
 1401  4245
 1402  4246
 1402  2983
 1402  3478
 1402  3091
 1403  4247
 1404  4248
 1404  4249
 1405  4250
 1406  4136
 1406  4204
 1406  2547
 1406  2406
 1406  4251
 1406  4252
 1406  3335
 1406  3917
 1406  3160
 1407  4253
 1408  3335
 1409  4254
 1410  4255
 1411  4256
 1412   673
 1413  4257
 1413  2892
 1413  2791
 1413  2892
 1413  3079
 1413  2556
 1413  2618
 1414  4258
 1415  4259
 1416  4260
 1417  4261
 1418  3202
 1419  4209
 1420  2429
 1420  2435
 1420  4262
 1420  3160
 1420  1481
 1420  4263
 1420  4264
 1420  4265
 1421  3828
 1421  2506
 1421  4064
 1422  4266
 1423  4267
 1424  4268
 1424  4268
 1424  2536
 1425  4269
 1426  3456
 1426  4270
 1427  2631
 1428  2938
 1429  4271
 1430  4272
 1431  3079
 1431  3355
 1432  4273
 1433  3549
 1434  2954
 1435  4274
 1436  4275
 1437  4276
 1437  1437
 1438  4277
 1439  4278
 1440  2782
 1441  3874
 1441  3635
 1442  2847
 1443  4279
 1443  4278
 1443  2552
 1444  3737
 1445  4280
 1446  4281
 1446  4282
 1447  4283
 1448  4284
 1448  4285
 1448  4286
 1448  3692
 1449  3741
 1450  2621
 1450  3117
 1450  3153
 1450  3670
 1450  2642
 1451  2633
 1451  3561
 1452  3028
 1452  4209
 1453  2481
 1454  4287
 1454  3179
 1455  2939
 1455  2403
 1456  4288
 1457  4289
 1458  4290
 1458  3856
 1459  2669
 1460  3236
 1461  2539
 1461  4291
 1461  2889
 1461  4292
 1461  4293
 1461  2889
 1462  3253
 1463  2861
 1464  4294
 1465  4295
 1465  2429
 1465  4087
 1465  4296
 1466  4297
 1466  2580
 1466  3645
 1466  3743
 1466  3550
 1466  3427
 1466  4297
 1466  3588
 1466  4298
 1467  4299
 1468  4089
 1469  4300
 1469  2813
 1470  4301
 1470  4302
 1471  4303
 1471  2608
 1471    38
 1471  3399
 1471  3875
 1471  4304
 1471  4305
 1471  2941
 1471  3001
 1471  4306
 1471  4307
 1471  4308
 1471  4309
 1471  3504
 1471  3842
 1471  4310
 1471  2936
 1471  2761
 1471  3658
 1471  2399
 1472  2572
 1473  4311
 1474  4312
 1475  4313
 1475  4314
 1476  2827
 1477  1700
 1478  4315
 1479  4316
 1480  4317
 1481  4318
 1482   319
 1482  4319
 1483  4320
 1484  3526
 1484  3726
 1485  4321
 1486  4322
 1487  4323
 1488  4324
 1489  4325
 1490  2695
 1491  4326
 1491  2581
 1491  2406
 1491  4327
 1492  4328
 1493  3914
 1494  2511
 1495  4329
 1496  4330
 1497  4278
 1498  4285
 1499  4331
 1500  4153
 1500  2873
 1500  3898
 1500  4332
 1501  4333
 1502  3980
 1502  4334
 1503  4335
 1504  4336
 1505  4337
 1506  4338
 1507  4339
 1508  1508
 1509  4340
 1509  4341
 1509  4342
 1509  4343
 1509  4344
 1509  4345
 1510  4346
 1511  4347
 1511  4262
 1511  4348
 1511  4347
 1511  2841
 1511  4349
 1511  2750
 1512  4350
 1512  4351
 1512  3296
 1513  4352
 1514  4353
 1515  4354
 1516  1437
 1517  2840
 1518  3101
 1519  4355
 1520  3769
 1521  4356
 1522  3962
 1522  4357
 1522  4345
 1522  3386
 1522  4358
 1522  4359
 1523  4360
 1523  4361
 1523  3586
 1523  3750
 1523  2129
 1523  4362
 1523  4363
 1523  4364
 1523  4365
 1523  2129
 1523  3986
 1523  3430
 1523  2129
 1524  4366
 1525  3335
 1525  2444
 1525  2633
 1525  4367
 1526  4368
 1527  3973
 1527  3030
 1528  2673
 1529  2781
 1530  4369
 1530  4370
 1531  4371
 1532  4372
 1533  3717
 1533  4373
 1534  4374
 1534  4375
 1534  4376
 1535  4377
 1536  2511
 1537  4378
 1538  4379
 1538  4361
 1539  3174
 1540  4380
 1540  4381
 1540  4249
 1541  4382
 1541  4383
 1542  4384
 1542  4385
 1542  4386
 1543  4387
 1544  2833
 1545  4388
 1546  4389
 1547  4390
 1547  4391
 1548  4392
 1548  3707
 1548  3011
 1549  4393
 1549  4394
 1550  2673
 1550  4395
 1550  4396
 1550  3083
 1550  3083
 1550  2402
 1551  4397
 1552  4398
 1552  4399
 1553  2539
 1554  4400
 1555  4401
 1556  4402
 1556  4403
 1556  4404
 1556  1556
 1556  4405
 1556  4406
 1557  4407
 1557  4408
 1558  3214
 1559  4310
 1560  4409
 1560  4410
 1560  4411
 1560  4412
 1560  3867
 1561  4413
 1562  4012
 1562  4414
 1563  4415
 1563  4416
 1563  4417
 1564  4418
 1565  2503
 1565  4419
 1566  3138
 1566  4420
 1566  3064
 1567  2851
 1568  4421
 1569  4422
 1570  4423
 1570  3079
 1570  3048
 1571  4424
 1571  4425
 1572  4426
 1573  4427
 1574  4428
 1575  4429
 1576  2641
 1576  4430
 1576  4431
 1576  4432
 1576  3120
 1576  2641
 1576  2617
 1577  2647
 1577  4433
 1577  4208
 1577  2544
 1578  4434
 1579  4435
 1580  4436
 1581  3653
 1581  2761
 1582  3985
 1583  2639
 1583  3176
 1583  4437
 1583  2553
 1583  3741
 1584  1822
 1585  4438
 1585  4439
 1585  1822
 1585  2619
 1586  3871
 1587  4440
 1588  2556
 1589  3349
 1589  2816
 1589  4441
 1590  4442
 1591  4443
 1591  4444
 1592  4445
 1593  2671
 1593  4010
 1594  4446
 1594  4447
 1595  4278
 1596  3438
 1597  2553
 1597  2443
 1597  2653
 1597  2830
 1598  4448
 1598  3898
 1598  4449
 1598  4448
 1598   573
 1599  2501
 1600  4450
 1601  4451
 1602  4452
 1602  4452
 1603  4453
 1603  4454
 1603  2746
 1603  2556
 1604  4455
 1604  1604
 1605  4007
 1605  3286
 1605  3243
 1605  2544
 1605  3457
 1605  4456
 1605  4457
 1606  4458
 1606  2714
 1606  2430
 1606  4459
 1606  4460
 1606  2244
 1607  4461
 1608  4462
 1609  4463
 1609  2827
 1609  4464
 1610  1151
 1610  3174
 1610  4136
 1611  2875
 1611  3873
 1611  4465
 1611  4466
 1611  4467
 1612  4468
 1613  4469
 1613  3268
 1614  4470
 1615  4471
 1616  4472
 1617  2520
 1618  4473
 1619  2570
 1620  2604
 1620  4474
 1621  4475
 1622   891
 1622  4476
 1622  4477
 1623  2403
 1624  4478
 1624  4479
 1625  4240
 1626  4480
 1627  4481
 1628  1628
 1629  4482
 1630  4483
 1631  4484
 1632  2810
 1632  2878
 1632  3000
 1632  1151
 1632  4485
 1633  4486
 1634  3057
 1635  4487
 1636  4488
 1637  1637
 1638  4489
 1639  4490
 1640  4491
 1641  2436
 1642  4492
 1643  4493
 1643  4494
 1643  4495
 1643  2455
 1643  2455
 1644  3001
 1644  4496
 1644  4481
 1644  4497
 1644  3527
 1644  2830
 1644  4294
 1644  3661
 1645  4498
 1645  4499
 1645  4500
 1646  4501
 1646  4502
 1646  4503
 1647  1526
 1648  3634
 1648  4504
 1648  4504
 1649  4505
 1650  4064
 1650  4413
 1651  4506
 1652  4507
 1653  3136
 1654  4508
 1654  4509
 1654  4510
 1655  4511
 1656  3214
 1656  4512
 1657  4374
 1658  4513
 1658  4514
 1658  4515
 1658  4516
 1658  4517
 1659  2849
 1660  4518
 1660  4519
 1660  3278
 1660  2540
 1661  3619
 1662  3756
 1663  4520
 1664  2580
 1664  4521
 1665  4449
 1666  3901
 1667  4522
 1668  4523
 1669  4524
 1669  2607
 1669  2881
 1669    38
 1670  3653
 1670  3820
 1670   174
 1670  4525
 1670  3431
 1671  4526
 1671  3440
 1672  4527
 1672  4528
 1673  4529
 1673  3156
 1673  4530
 1674  4531
 1675  4532
 1676  4533
 1676  3411
 1676  4534
 1677  4535
 1678  4536
 1678  4537
 1678  4538
 1679  2786
 1680  4539
 1681  3975
 1682  2576
 1682  1556
 1682  4540
 1683  4541
 1684  4542
 1684  4262
 1684  1742
 1684  4198
 1684  4174
 1685  3727
 1685  3465
 1686  4209
 1687  4543
 1687  4543
 1688  2775
 1689  4544
 1690  4545
 1691  4546
 1691  4099
 1692  4547
 1692  3963
 1692  3963
 1692  2647
 1693  4242
 1693  3406
 1693  4548
 1693  4091
 1693  3550
 1693  3164
 1693   115
 1693  4549
 1693  4550
 1693  2658
 1693  2982
 1693  3780
 1693  3164
 1693  3801
 1694  4551
 1694  4294
 1695  3763
 1696  4552
 1696  4553
 1696  2579
 1697  4223
 1698  4554
 1698  4555
 1699  4556
 1700  4557
 1701  4558
 1702  4559
 1703  4560
 1704  4561
 1705  4562
 1706  4563
 1707  4564
 1708  4565
 1709  3156
 1710  4566
 1711  4051
 1711  4567
 1712  4568
 1712   665
 1712  4569
 1713  4570
 1714  4571
 1715  2669
 1716  4572
 1717  2171
 1718  3430
 1718  4573
 1718  4574
 1718  2915
 1719  4575
 1720  3318
 1720  4576
 1721  4577
 1722  3980
 1722  4370
 1723  4202
 1724  2478
 1725  4578
 1726  4579
 1726  4580
 1727  4306
 1728  4581
 1729  3929
 1730  4582
 1731  4583
 1732  4584
 1732  4584
 1732  4585
 1732  4586
 1732  4587
 1733  4458
 1734  4588
 1735  4589
 1735  4590
 1735  4591
 1735  2998
 1735  4592
 1735  3369
 1735  4593
 1736  4594
 1736  1736
 1737  3156
 1737  3371
 1737  3371
 1737  2664
 1738  2546
 1739  4595
 1740  3675
 1741  4596
 1741  2531
 1741  3117
 1741  2531
 1741  3117
 1741  4596
 1741  3117
 1742  4597
 1743  4598
 1743  3893
 1743  4599
 1743  4600
 1743   810
 1743  4598
 1743  4601
 1744  4602
 1744  4603
 1744  3723
 1744  3666
 1744  4604
 1744  4605
 1745  4606
 1746  4607
 1746  4608
 1746  4607
 1746  4609
 1746  4610
 1746  2649
 1747  4611
 1747  4198
 1747  3153
 1747  4612
 1747  3287
 1747  4613
 1747  2458
 1747  4120
 1747  4613
 1747  4614
 1748  4615
 1749  2675
 1749  2659
 1749  2982
 1749  3304
 1749  2991
 1749  4465
 1750  4616
 1750  4617
 1751  4618
 1752  2451
 1753  3318
 1754  4619
 1754  4620
 1754  1384
 1754  4621
 1755  2747
 1756  4622
 1757  2562
 1757  2782
 1757  4623
 1758  3527
 1759  4502
 1759  4502
 1759  3369
 1760  4031
 1761  3156
 1761  2674
 1761  4040
 1761  4118
 1761  2664
 1761  2694
 1762  4624
 1763  4625
 1764  4626
 1764  2836
 1764  2831
 1764  2831
 1764  3465
 1765  3336
 1765  2330
 1765  3053
 1765  2938
 1765  4627
 1766  3019
 1767  4628
 1768  3895
 1769  2761
 1770  4629
 1771  4630
 1772  3626
 1773  4631
 1773  2695
 1774  4632
 1774  4581
 1774  2673
 1774  4633
 1775  4634
 1776  4635
 1776  4636
 1776  3988
 1776  4637
 1777  3973
 1777  4499
 1777  2767
 1777  3029
 1777  4638
 1777  2986
 1778  3662
 1778  3542
 1778  2483
 1778  4639
 1778  4639
 1778  2483
 1778  3294
 1778  3542
 1778  3634
 1778  4639
 1778  3662
 1778  2483
 1779  3029
 1780  2862
 1781  2455
 1782  3354
 1783  4509
 1783  4294
 1784  3702
 1785  4512
 1786  3792
 1787  4640
 1788  4641
 1789  2442
 1789  4534
 1789  4642
 1789  4643
 1789  2789
 1789  2171
 1789  4644
 1790  4645
 1791  4646
 1791  2417
 1791  4647
 1792  3139
 1793  4026
 1793  4648
 1794  2417
 1794  4649
 1794  2710
 1794  3485
 1795  4650
 1796  4651
 1797  3676
 1797  3334
 1797  2639
 1797  4652
 1798  2767
 1799  4653
 1800  4654
 1800  3277
 1801  4655
 1801  4656
 1801  2400
 1801  4657
 1802  4511
 1803  4658
 1804  3734
 1805  4659
 1805  3550
 1806  4660
 1807  4661
 1808  4662
 1808  4663
 1808   115
 1808  4664
 1808  3030
 1808  2794
 1808  4665
 1808  4666
 1808  4667
 1809  3030
 1809  2518
 1810  4668
 1810  4668
 1811  3006
 1811  3049
 1811  4669
 1811  4670
 1812  4671
 1813  4672
 1814  4673
 1815  4674
 1816  4675
 1816  4676
 1817  2698
 1818  4677
 1819  4678
 1819  3352
 1819  3874
 1819  2777
 1819  4679
 1819  2429
 1819  2129
 1819  3413
 1820  4680
 1821  4681
 1822  1822
 1823  4682
 1824  4683
 1825  2560
 1825  1384
 1826  4684
 1827  3360
 1827  3877
 1827  4685
 1827  4686
 1827  2428
 1827  2428
 1828  4687
 1829  4688
 1830  4689
 1831  4690
 1832  2449
 1833  4349
 1834  4691
 1835  2913
 1836  3156
 1836  3156
 1837  3989
 1837  3642
 1837  4692
 1838  3917
 1838  3336
 1839  4693
 1840  4694
 1840  3278
 1840  4695
 1840  3720
 1841  4696
 1842  4697
 1843  4698
 1843  2553
 1843  2483
 1843  2553
 1844  4699
 1845  4700
 1846  4511
 1847  4701
 1848  4702
 1849  4703
 1850  3387
 1850  4704
 1850  2855
 1851  3712
 1852  1852
 1853  4705
 1853  3445
 1853  4706
 1853  4217
 1853  4006
 1853  2581
 1853  4707
 1853  2621
 1853  4708
 1853  3291
 1853  3162
 1853  4709
 1853  4032
 1853  3763
 1853  4710
 1854  4711
 1855  3335
 1855  3471
 1856  2682
 1856  2682
 1857  4712
 1858  3934
 1859  3697
 1860  4713
 1860  4714
 1860  3914
 1860  3988
 1861  4715
 1862  4570
 1862  4716
 1862  4570
 1863  4717
 1864  4718
 1864  3608
 1864  4037
 1864  4719
 1865  3001
 1865  4287
 1865  4578
 1866  2171
 1866  3820
 1866  3571
 1866  4720
 1866  4721
 1866  2676
 1866  4722
 1866  4723
 1866  4013
 1866  4724
 1866  3645
 1866  4722
 1867  4491
 1868  3809
 1869  4725
 1869  2518
 1870  4726
 1870  4727
 1870  4727
 1870  4728
 1870  4729
 1871  4730
 1871  2878
 1872   153
 1873  4731
 1873  4732
 1873  4441
 1874  4733
 1874  3871
 1875  4734
 1875  4735
 1875  3550
 1875  3094
 1875  2783
 1876  4736
 1876  4737
 1876  4738
 1876  3714
 1876  2617
 1877  4739
 1877  4740
 1877  3697
 1877  4741
 1877  3150
 1877  4742
 1877  4743
 1877  1877
 1877  4744
 1877     7
 1877  4745
 1878  1151
 1878  2518
 1878  4746
 1879  4747
 1880  4748
 1881  4749
 1882  4750
 1883  2996
 1883  4751
 1884  3749
 1884  3729
 1884  4752
 1885  4753
 1886  4754
 1887  4755
 1888  3355
 1888  2892
 1888  4756
 1888  4757
 1889  3141
 1890  3820
 1891    36
 1892  4758
 1893  2662
 1894  2830
 1894  4759
 1894  4760
 1894  2429
 1894  4761
 1894  4128
 1894  2422
 1894  3156
 1894  4295
 1894  4760
 1894  4762
 1894  4598
 1894  4763
 1894  2437
 1894  3542
 1894  2534
 1894  2821
 1895  4549
 1896  4208
 1897  2574
 1898  4764
 1899  4765
 1899  3571
 1899  2458
 1899  2474
 1900  3354
 1900  4766
 1900  3709
 1900  3693
 1900  4767
 1900  4768
 1900  3980
 1900  2401
 1900  3709
 1900  2710
 1900  3709
 1901  4769
 1902  4770
 1903  2801
 1903  4326
 1903  4326
 1903  4771
 1904  4772
 1904  2921
 1904  4773
 1904  2546
 1904  3030
 1905  4774
 1906  3857
 1906  2526
 1906  2408
 1906  3157
 1906  4775
 1907  3707
 1908  4776
 1908  4777
 1908  4778
 1908  2830
 1908  4779
 1908  3867
 1908  4780
 1908  3981
 1908  4781
 1908  3008
 1908  4782
 1909  4783
 1910  4784
 1910  2871
 1910  4785
 1910  2871
 1910  4786
 1911  4120
 1912  4787
 1913  2777
 1913  3867
 1913  2714
 1914  4788
 1915  2589
 1916  4789
 1917  4790
 1918  4791
 1919  2552
 1920  4792
 1921  4196
 1922  4793
 1923  4794
 1924  4795
 1924  4796
 1925  4390
 1926  2505
 1926  3077
 1927  4797
 1928  2475
 1928  4798
 1928  4799
 1929  4800
 1930  4801
 1931  4434
 1932  3676
 1932  4802
 1932  2476
 1932  3447
 1932  3179
 1932  4226
 1933  2767
 1934  3438
 1935  3551
 1936  4803
 1937  4804
 1937  2607
 1937  3661
 1937  4805
 1937  2647
 1938  3855
 1938  2675
 1938  3858
 1938  4806
 1938  2675
 1938  4807
 1938  4624
 1938  2675
 1938  2674
 1938  2129
 1938  4808
 1938  4809
 1938  2675
 1939  4810
 1940  4811
 1941  4812
 1941  4813
 1941  4493
 1941  3378
 1941  4493
 1941  2531
 1942  4814
 1943  4504
 1944  3275
 1945  1262
 1946  4815
 1946  2842
 1946  4816
 1947  4249
 1947  4817
 1947  2811
 1947  4818
 1947  2616
 1947  3030
 1947  2469
 1947  4818
 1947  4819
 1947  4820
 1947  4821
 1947  4026
 1947  2840
 1948  3881
 1949  4822
 1950  2431
 1950  2562
 1950  4823
 1950  4823
 1950  2487
 1951  2552
 1952  3981
 1952  3526
 1953  4824
 1953  3013
 1954  3016
 1954  2526
 1955  3947
 1955  4825
 1956  4665
 1957  4826
 1957   792
 1957  4827
 1957  2811
 1957  4828
 1957  4829
 1957  4010
 1958  4133
 1958  4830
 1958  4831
 1959  4500
 1959  4832
 1959  4833
 1960  4834
 1961  4198
 1961  2581
 1961  3115
 1961  4835
 1962  4836
 1963  4837
 1964  4838
 1965  4839
 1966  3170
 1966  4840
 1966  2982
 1966  4487
 1966  4840
 1966  4841
 1966  4614
 1966  4842
 1967  4843
 1967  1921
 1967  4843
 1967  2579
 1968  2641
 1969  3465
 1969  3476
 1969  4433
 1969  4844
 1969  3413
 1969  3763
 1970  4845
 1971  4278
 1971  2723
 1971  3359
 1972  4846
 1973  2658
 1973  3423
 1973  3423
 1973  4600
 1973     7
 1973  3587
 1973  4847
 1973  4848
 1973  2562
 1973  2767
 1973  2548
 1973  4849
 1973  4850
 1974  4851
 1974  3800
 1975  2469
 1975  3669
 1975  3082
 1975  3858
 1976  2501
 1976  3971
 1976  4852
 1977  3341
 1978  4853
 1979  4854
 1979  4855
 1979  4856
 1979  4857
 1980  4858
 1980  2696
 1981  4622
 1981  3643
 1982  3465
 1983  4859
 1984  4860
 1984  3991
 1984  4861
 1985  4862
 1986  2718
 1987  3254
 1988  4863
 1988  4863
 1988  2648
 1989  4864
 1990  4865
 1991  4866
 1992  4867
 1993  4868
 1993  4869
 1993  4262
 1993  3079
 1994  4207
 1995  4870
 1995  4647
 1996  4871
 1997  4872
 1998  2430
 1998  4873
 1999  4874
 2000  4831
 2001  3550
 2002  4875
 2003  4356
 2004  4876
 2005  4877
 2006  4878
 2007  4732
 2007  3371
 2008  4589
 2009  4879
 2010  3432
 2011  2134
 2012  4880
 2013  4881
 2014  4882
 2014  2435
 2014  3987
 2014  4882
 2014  4883
 2014  4884
 2014  2777
 2014  4478
 2015  3456
 2015  4885
 2016  4886
 2016  4887
 2016  4888
 2016  3816
 2017  2746
 2017  2633
 2017  2443
 2017  2633
 2017  2642
 2017  2443
 2017  4889
 2017  2633
 2017  2633
 2017  2967
 2017  2967
 2017  4890
 2017  2860
 2018  4293
 2018  4552
 2019  4891
 2019  4892
 2019  2603
 2019  3058
 2020  4893
 2021  2659
 2021  2431
 2022  4894
 2023  4895
 2024  4781
 2025  4896
 2026  4449
 2027  4023
 2028  3334
 2029  2029
 2030  4208
 2031  3931
 2031  2534
 2031  4897
 2032  2687
 2032  2577
 2032  2854
 2032  4898
 2032  2687
 2033  4899
 2034  4900
 2035  3060
 2036  4901
 2036  3175
 2036  4902
 2036  3971
 2036  4062
 2037  2633
 2038  4903
 2038  4903
 2039  3868
 2039  3158
 2040  4904
 2041  4002
 2042  4905
 2042  4906
 2043  2651
 2044  3852
 2045  2805
 2046  3413
 2046  3385
 2046  4907
 2046  2428
 2047  4908
 2048  4909
 2049  3008
 2049  4910
 2050  4911
 2050  2422
 2051  4912
 2052  4913
 2052  3249
 2052  3122
 2053  4914
 2054  3333
 2054  4915
 2054  4916
 2054  4101
 2055  1921
 2055  4917
 2055  4652
 2056  3156
 2056  2531
 2056  2056
 2057  2547
 2057  2469
 2057  4276
 2058  4918
 2059   399
 2059  1151
 2060  4919
 2061  4920
 2062  4715
 2062  4282
 2062  2802
 2062  4921
 2063  4922
 2063  2868
 2064  4923
 2065  2518
 2066  4924
 2067  4925
 2067  2633
 2067  2706
 2067  4926
 2067  2706
 2067  4926
 2067  2601
 2067  4927
 2067  4926
 2067  4345
 2067  2529
 2067  4928
 2068  4929
 2069  4930
 2069  4931
 2069  4052
 2070  4932
 2070  4933
 2071  4934
 2072  4935
 2073  4936
 2074  2811
 2075  4937
 2076  4938
 2077  4939
 2078  4940
 2079  4724
 2080  4941
 2080  3709
 2080  3202
 2080  3947
 2080  4942
 2080  4943
 2081  4944
 2082  3526
 2082  4118
 2083  4945
 2084  4946
 2084  4280
 2085  3773
 2085  4947
 2085  3927
 2085  3275
 2085  2913
 2085  2271
 2085  4948
 2085  2171
 2086  3692
 2086  3115
 2086  4949
 2086  4950
 2087  4951
 2088  4952
 2089  3991
 2089  4953
 2089  3120
 2089  2766
 2090  4954
 2091  2440
 2092  4955
 2092  3030
 2092  4865
 2092  4956
 2093  2674
 2093  3360
 2093  3282
 2093  2504
 2093  1700
 2093  3235
 2093  4957
 2093  4242
 2093  3468
 2093  2581
 2093  4958
 2093  4959
 2093  3531
 2093  4960
 2093  2562
 2093  2562
 2094  4961
 2094  4962
 2095  4059
 2096  4963
 2096  4347
 2097  3707
 2097  4964
 2097  4887
 2097  4965
 2097  4966
 2097  4967
 2097  4965
 2098  2944
 2099  4968
 2100  4969
 2101  2548
 2101  2852
 2101  4970
 2102  4971
 2103  4972
 2104  2607
 2104  4973
 2105  4974
 2106  4880
 2107  4975
 2107  4976
 2107  4977
 2108  4978
 2108  4979
 2108  3603
 2108  4980
 2108  4981
 2109  4982
 2109  2721
 2109  4983
 2109  3116
 2109   363
 2109  4984
 2109  2620
 2109  3046
 2109  4985
 2109  4986
 2109  2721
 2110  4987
 2110  4987
 2110  2639
 2111  4988
 2111  4553
 2111  3706
 2111  4989
 2111  3989
 2111  4990
 2111  4581
 2111  4991
 2112  4992
 2113  4993
 2113  4994
 2113  4995
 2113  4159
 2113  2422
 2113  3951
 2114  4996
 2115  4294
 2115  4997
 2115  4826
 2116  4998
 2117  4999
 2118  2761
 2119  5000
 2119  4120
 2120  2982
 2120  2444
 2120  4008
 2120  3354
 2121  5001
 2122  2122
 2123  3987
 2124  2852
 2125  5002
 2125  4386
 2126  5003
 2127  5004
 2128  3280
 2128  3695
 2129  3282
 2129  5005
 2130  3079
 2130  2624
 2130  4485
 2130  5006
 2131  5007
 2132  5008
 2133  5009
 2134  5010
 2134  4273
 2135  5011
 2135  3025
 2136  3467
 2136  2688
 2137  5012
 2137  1868
 2137  5013
 2137  5014
 2137  2967
 2138  3034
 2138  2896
 2138  5015
 2138  3893
 2139  4441
 2139  3977
 2139  5016
 2140  2698
 2140  2691
 2141  5017
 2142  5018
 2143  3159
 2143  4620
 2143  4991
 2143  2948
 2144  2672
 2145  5019
 2145  5020
 2146  4767
 2147  1046
 2148  5021
 2148  3304
 2149  2437
 2149    38
 2149  5022
 2149  5023
 2149  2608
 2149  2430
 2149  2837
 2149  4342
 2149  3953
 2149  5024
 2149  2474
 2149  4806
 2149  5025
 2149  2873
 2149  3254
 2149  2837
 2150  2422
 2150  2244
 2150  5026
 2150  4802
 2150  3943
 2150  4386
 2150  5027
 2150  4012
 2150  4713
 2150  3514
 2150  4852
 2150  4785
 2150  4897
 2150  3709
 2150  2531
 2150  3934
 2150  3407
 2150  3487
 2150  2580
 2150  2760
 2150  3390
 2150  5028
 2150  3425
 2150  2430
 2150  3101
 2150  4670
 2151  5029
 2151  2811
 2152  5030
 2153  5031
 2153  5032
 2154  5033
 2155  5034
 2156  3980
 2156  5035
 2157  4202
 2158  5036
 2159  4512
 2159  5037
 2160  5038
 2161  2866
 2162  2162
 2163  5039
 2164  2400
 2165  5040
 2165  5041
 2166  3068
 2167  5042
 2168  5043
 2168  2168
 2168  2607
 2168  2795
 2168  5044
 2169  5045
 2170  5046
 2170  2431
 2171  4101
 2171  2171
 2172  5047
 2173  5048
 2174  2560
 2175  5049
 2176  4183
 2176  2475
 2177  5050
 2178  3470
 2179  4723
 2179  3112
 2180  5051
 2180  3299
 2180  5051
 2181  5052
 2182  5053
 2183  4842
 2183  5054
 2183  2526
 2183  5055
 2184  5056
 2184  4340
 2185  5057
 2186  2472
 2186  2621
 2186  3286
 2186  4650
 2186  5058
 2186  4732
 2187  4138
 2188  4425
 2188  4425
 2189  2478
 2189  5059
 2190  3124
 2190  5060
 2191  3870
 2192  5061
 2192  3511
 2192  5062
 2192  5063
 2193  3183
 2193  5064
 2193  4594
 2193  5065
 2194  5066
 2195  3492
 2196  3406
 2196  5067
 2196  5068
 2196  2585
 2196  4121
 2196  5069
 2196  5068
 2197  2129
 2197  2768
 2198  4705
 2199  2439
 2200  2457
 2201  2698
 2202  5070
 2202  3184
 2203  4396
 2203  5071
 2203  3488
 2204  5072
 2205  5073
 2206  5074
 2206  5075
 2206  5076
 2207  4548
 2207  5077
 2207  3462
 2208  5078
 2209  5079
 2209  3650
 2210  5080
 2210  5080
 2211  5081
 2212  2642
 2212  3991
 2212  3689
 2212  4710
 2212  2624
 2212  4710
 2212  3504
 2212  3123
 2212  3689
 2212  3553
 2212  3359
 2212  3504
 2212  2992
 2212  2536
 2212  2557
 2212  2489
 2213  5082
 2214  5083
 2215  5084
 2216  2840
 2216  2625
 2216  3010
 2216  5085
 2216  2827
 2217  2530
 2218  4328
 2218  4328
 2218  3176
 2218  4328
 2219  3586
 2219  1921
 2220  5086
 2221  3283
 2221  3712
 2222  2631
 2222  2790
 2222  5087
 2222  5088
 2222  5089
 2222  3977
 2223  2817
 2224  5090
 2225  5091
 2226  4600
 2226  3852
 2226  5092
 2226  4600
 2226  2531
 2226  4600
 2227  5093
 2228  5094
 2228  5095
 2228  3325
 2228  5094
 2228  5096
 2228  5096
 2228  5097
 2229  5098
 2230  3485
 2230  3628
 2231  5099
 2231  4734
 2232  2585
 2232  3283
 2232  3651
 2233  5100
 2234  5101
 2234  3697
 2234  4096
 2234  1822
 2234  2392
 2234  4586
 2234  5102
 2235  5103
 2235  4620
 2235  3120
 2236  2589
 2237  3271
 2238   959
 2238  2406
 2238  3875
 2239  5104
 2240  5105
 2241  5106
 2242  5107
 2243  3299
 2244  4586
 2244  3156
 2245  5108
 2245  5109
 2246  5110
 2246  5111
 2246  5112
 2247  2418
 2248  3548
 2248  5113
 2249  2429
 2250  5114
 2251  5115
 2252  5116
 2253  5117
 2254  5118
 2255  5119
 2256  5120
 2256  3410
 2256  3011
 2256  4701
 2256  2852
 2256  2531
 2256  3176
 2257  5121
 2257  5122
 2257  4226
 2257  2663
 2257  5123
 2258  5124
 2258  3354
 2259  5125
 2260  4026
 2261  5126
 2262  2734
 2262  2210
 2263  4914
 2264  2693
 2264  2544
 2265  4598
 2266  5127
 2266  5128
 2267  5129
 2268  2689
 2269  5130
 2270  3550
 2270  2597
 2270  2647
 2271  5131
 2271  5132
 2272  5133
 2273  4394
 2273  5134
 2273  3962
 2274  3353
 2275  4650
 2276  3449
 2276  3953
 2277  3603
 2277  2487
 2277  2459
 2277  2651
 2277  2512
 2277  2616
 2277  1921
 2277  3253
 2277  5135
 2277  2710
 2277  2674
 2277  3457
 2278  5136
 2279  5137
 2280  5138
 2280  5139
 2281  5140
 2282  5141
 2283  5142
 2284  5143
 2284  2966
 2284  2945
 2285  5144
 2285  5145
 2286  5146
 2287  4905
 2288  3123
 2289  5147
 2290  5148
 2291  4090
 2291  4870
 2291  5149
 2291  5105
 2291  2730
 2291  2560
 2291  5089
 2291  5105
 2291  3371
 2292  5110
 2293  5150
 2293  5151
 2294  3115
 2295  5152
 2295  3337
 2295  5153
 2295  5154
 2295  2852
 2296  5155
 2296  4610
 2297  2297
 2298  5156
 2299  5157
 2300  5158
 2300  5158
 2301  5159
 2301  3527
 2302  5160
 2303  3698
 2304  5161
 2305  5162
 2305  5163
 2305  5164
 2306  5165
 2306  2230
 2307  5166
 2307  5167
 2307  5168
 2308  5169
 2309  5170
 2310  5171
 2310  2310
 2311  3532
 2312  4427
 2313  5172
 2314   506
 2314  3643
 2314  3646
 2314  5173
 2315  5174
 2316  5175
 2317  5176
 2318  5177
 2319  5178
 2320  5179
 2321  5180
 2322  5181
 2323  2531
 2324  5182
 2324  4342
 2324  4903
 2324  4732
 2325  5183
 2325  4152
 2325  4306
 2325  5184
 2326  5185
 2326  5186
 2327  2491
 2328  2710
 2328  4189
 2328  5187
 2329  5188
 2330  2330
 2330  5189
 2330  2330
 2331  5190
 2332  5191
 2333  4344
 2334  2815
 2334  2875
 2335  4445
 2336  5192
 2336  2506
 2336  4008
 2336  5193
 2336  2754
 2337  5194
 2337  3801
 2338  5195
 2338  3031
 2338  2647
 2338  3031
 2338  3030
 2338  3991
 2338  2821
 2339  2620
 2339  5196
 2340  5197
 2340  5198
 2340  3083
 2340  5199
 2340  5200
 2340  5201
 2340  3012
 2340  5200
 2340  2403
 2340  5202
 2340  5198
 2340  2403
 2341  5203
 2341  5204
 2342  4605
 2343  3672
 2344  2722
 2344  5205
 2345  2577
 2345  5206
 2345  4401
 2346  2624
 2347  3201
 2348  5207
 2349  2865
 2350  5208
 2351  3557
 2351  3453
 2351  5209
 2352  5210
 2353  3858
 2353  2680
 2354  5211
 2355  5212
 2355  5213
 2355  2875
 2355  5214
 2355  5215
 2355  4892
 2355  5214
 2356  5216
 2356  5217
 2357  3208
 2358  5218
 2358  5219
 2359  5220
 2359  3987
 2360  2947
 2361  5221
 2362  2842
 2363  5222
 2364  5223
 2365  5224
 2366  2487
 2366  2531
 2366  5225
 2366  5226
 2366  5227
 2366  3542
 2366  3280
 2367  5228
 2368  2879
 2368  5229
 2368  5031
 2368  4363
 2368  2875
 2368  5230
 2368  5155
 2368  5231
 2368  5232
 2368  5233
 2368  5234
 2368  3016
 2368  2772
 2368  3893
 2368  3198
 2368  2649
 2368  5235
 2368  3988
 2368  2457
 2368  4620
 2368  4781
 2368  3989
 2369  5236
 2370  5237
 2371  3339
 2371  2579
 2372  4917
 2373  5238
 2373  5239
 2374  5240
 2374  5241
 2374  5242
 2374  5241
 2374  3983
 2374  5243
 2374  5244
 2374  3983
 2375  5245
 2376  5246
 2376  5247
 2377  5248
 2378  5249
 2378  3025
 2379  5250
 2380  3581
 2380  3581
 2380  2832
 2380  5251
 2380  3528
 2380  4035
 2380  2873
 2380  4052
 2381  5252
 2382  5253
 2383  5254
 2384  5255
 2384  4922
 2385  5256
 2386  5257
 2387  5258
 2388  5259
 2389  5260